1	1
1	2
1	3
1	4
1	5
1	6
1	7
1	8
1	9
1	10
1	11
1	12
1	13
1	14
1	15
1	16
1	17
1	18
1	19
1	20
1	21
1	22
1	23
1	24
1	25
2	1
2	2
2	3
2	4
2	5
2	6
2	7
2	8
2	9
2	10
3	1
3	2
3	3
3	4
3	5
4	1
4	2
4	3
4	4
4	5
4	6
4	7
4	8
5	1
5	2
5	3
5	4
5	5
6	1
6	2
6	3
6	4
6	5
6	6
6	7
6	8
6	9
6	10
6	11
6	12
6	13
6	14
6	15
6	16
7	1
7	2
7	3
7	4
7	5
8	1
31	1
31	2
31	3
31	4
31	5
31	6
31	7
31	8
31	9
31	10
31	11
31	12
31	13
31	14
31	15
31	16
31	17
31	18
31	19
31	20
31	21
31	22
31	23
31	24
31	25
31	26
31	27
31	28
31	29
31	30
31	31
32	1
32	2
32	3
32	4
32	5
32	6
32	7
32	8
32	9
32	10
32	11
32	12
32	13
32	14
32	15
32	16
32	17
32	18
33	1
33	2
33	3
33	4
33	5
33	6
33	7
33	8
33	9
33	10
33	11
33	12
33	32
34	1
34	2
34	3
34	4
34	5
34	6
34	7
34	8
34	9
34	11
34	12
34	13
34	14
34	15
34	16
35	1
35	2
35	3
35	4
35	5
35	6
35	7
35	8
35	9
35	10
35	11
35	12
35	13
35	14
35	15
35	16
35	17
35	18
35	19
35	20
35	21
35	22
35	23
36	1
36	2
36	3
36	4
36	5
36	6
36	7
36	8
36	9
36	10
36	12
36	13
36	14
36	15
36	16
36	17
36	18
36	19
36	20
36	21
37	1
37	2
37	3
37	4
37	5
37	6
37	7
37	8
37	9
37	10
37	11
37	12
37	13
37	14
38	1
38	2
38	3
38	4
38	5
38	6
38	7
38	8
38	9
38	10
38	11
38	12
38	13
38	16
38	17
38	18
38	19
38	20
38	21
38	22
38	23
38	24
39	3
39	4